0_pad.png,6,91,1196,1476,1005,1463,1167,1611,922,1599,1165,2435,1182
100_pad.png,0
101_pad.png,6,28,987,919,830,929,1027,1011,731,1028,1012,1959,993
103_pad.png,6,34,1213,1135,1007,1143,1181,1228,917,1243,1174,2256,1119
104_pad.png,6,128,1312,1398,1120,1384,1319,1513,997,1489,1318,2542,1328
106_pad.png,6,36,913,904,802,910,978,1020,710,1023,978,1853,1002
107_pad.png,6,195,867,1198,624,1184,857,1304,510,1305,859,1718,872
108_pad.png,6,77,1341,1385,1188,1402,1333,1526,1137,1542,1339,2598,1364
109_pad.png,6,233,1248,1457,1067,1438,1249,1594,1035,1579,1249,2419,1331
10_pad.png,6,45,922,1036,824,1039,980,1126,729,1131,984,1918,1017
110_pad.png,6,279,991,971,769,962,952,1057,699,1058,949,1959,939
111_pad.png,6,39,1020,1105,778,1139,977,1180,696,1232,973,2128,940
113_pad.png,6,77,1315,1287,1202,1286,1390,1377,1091,1380,1371,2690,1440
114_pad.png,6,29,1178,1475,928,1494,1082,1575,815,1611,1076,2240,1076
115_pad.png,6,41,1163,1369,1017,1382,1178,1448,915,1469,1177,2249,1154
116_pad.png,6,32,1098,1135,946,1141,1135,1213,814,1228,1114,2078,1093
117_pad.png,0
118_pad.png,6,34,880,1280,779,1288,948,1357,654,1368,929,2047,933
119_pad.png,0
11_pad.png,6,27,888,837,687,834,853,935,588,933,840,1538,841
120_pad.png,6,65,1252,1540,1235,1539,1439,1659,1183,1651,1455,2811,1564
121_pad.png,6,36,845,909,704,899,860,992,626,984,854,1721,866
122_pad.png,6,15,801,937,687,934,858,1029,580,1026,858,1612,898
123_pad.png,0
124_pad.png,6,70,1215,1157,988,1158,1166,1258,903,1266,1167,2230,1148
126_pad.png,6,110,1172,1235,1063,1243,1217,1323,1026,1330,1217,2221,1140
127_pad.png,6,98,837,1059,802,1038,969,1156,743,1139,978,2025,1092
128_pad.png,0
130_pad.png,6,55,1144,1377,906,1376,1089,1470,838,1470,1090,2294,1090
131_pad.png,6,20,687,801,611,794,781,880,531,872,784,1426,829
132_pad.png,6,44,1527,1089,1276,1101,1415,1190,1239,1212,1411,2443,1336
133_pad.png,6,31,1163,1085,993,1104,1164,1149,870,1183,1161,2051,1110
135_pad.png,6,34,1379,1158,1167,1152,1336,1278,1034,1286,1347,2434,1303
136_pad.png,6,290,1408,1705,1247,1683,1440,1824,1148,1816,1445,2801,1442
137_pad.png,6,44,1048,1023,864,1031,1039,1099,751,1117,1035,2183,1033
138_pad.png,6,38,761,760,561,761,739,856,480,859,729,1557,681
139_pad.png,6,52,1031,1134,888,1136,1048,1230,789,1239,1044,2073,1049
13_pad.png,6,212,1343,1355,1239,1356,1383,1450,1185,1453,1389,2635,1442
140_pad.png,6,329,1232,1469,1112,1471,1270,1600,1054,1610,1265,2253,1264
141_pad.png,6,67,1315,1240,1141,1251,1322,1375,1057,1396,1321,2734,1333
142_pad.png,6,71,1027,1043,897,1050,1060,1123,826,1131,1056,2117,1052
143_pad.png,6,60,1234,1423,1013,1416,1208,1515,908,1511,1210,2350,1228
144_pad.png,6,28,947,968,893,964,1061,1063,805,1064,1069,1822,1084
145_pad.png,6,37,982,1195,877,1160,1065,1301,818,1255,1081,1993,1181
146_pad.png,6,1098,1371,1502,1226,1508,1403,1621,1199,1622,1401,1775,1408
147_pad.png,6,55,1139,1168,1079,1174,1257,1256,987,1271,1250,2163,1199
148_pad.png,6,62,826,861,658,847,825,968,579,966,813,1550,799
149_pad.png,6,31,808,836,577,838,762,919,509,924,755,1604,700
14_pad.png,0
150_pad.png,0
151_pad.png,0
152_pad.png,0
153_pad.png,6,36,754,803,619,815,767,905,576,920,760,1459,753
154_pad.png,6,70,1061,1048,909,1021,1075,1146,874,1121,1076,2178,1066
155_pad.png,6,221,1272,1464,1035,1457,1215,1589,1019,1579,1216,2354,1223
156_pad.png,6,58,1213,1096,995,1118,1178,1167,855,1211,1170,2157,1176
157_pad.png,6,23,1366,1376,1241,1395,1445,1477,1136,1509,1433,2671,1349
158_pad.png,0
15_pad.png,6,70,1132,1630,1143,1626,1312,1759,1044,1767,1312,2683,1350
160_pad.png,6,199,921,956,768,944,950,1068,704,1057,951,1757,972
161_pad.png,6,19,900,764,627,763,819,861,556,866,811,1702,772
162_pad.png,6,124,1178,1121,1046,1107,1215,1215,1005,1196,1222,2311,1327
163_pad.png,6,44,1239,1260,924,1258,1111,1369,818,1371,1104,2308,1087
164_pad.png,6,32,1138,1175,951,1163,1113,1280,811,1275,1116,2260,1148
165_pad.png,6,20,911,936,820,941,987,1016,726,1028,993,1807,1063
166_pad.png,6,29,1242,1217,923,1219,1071,1334,806,1353,1060,2007,1018
167_pad.png,6,33,980,1141,803,1140,1003,1252,707,1253,1002,2065,995
168_pad.png,6,89,852,975,743,945,940,1077,718,1063,932,1860,983
169_pad.png,6,25,788,917,560,911,750,1003,444,1004,746,1732,728
16_pad.png,0
170_pad.png,6,103,1057,1006,904,1017,1077,1105,832,1116,1078,1950,1055
171_pad.png,6,38,794,905,643,906,821,1033,587,1038,821,1567,889
172_pad.png,6,130,1266,1126,1200,1122,1389,1249,1123,1234,1396,2196,1475
173_pad.png,6,68,933,1023,853,994,1017,1128,788,1103,1015,1961,1084
174_pad.png,6,89,1572,1685,1320,1674,1530,1803,1267,1794,1519,2971,1525
175_pad.png,6,81,1411,1435,1228,1421,1396,1569,1197,1557,1393,2589,1446
177_pad.png,6,66,1379,1357,1177,1338,1356,1471,1104,1453,1356,2552,1432
178_pad.png,6,34,1053,1086,850,1082,1036,1165,747,1169,1027,2215,945
179_pad.png,6,53,923,987,843,972,1004,1072,809,1060,1010,1882,1067
17_pad.png,6,280,1066,1427,913,1437,1051,1529,769,1554,1050,2260,1060
180_pad.png,6,104,1507,1873,1228,1870,1413,1983,1145,1978,1402,2819,1360
181_pad.png,6,91,1221,999,983,1024,1171,1118,888,1153,1151,2170,1081
182_pad.png,6,72,980,1286,720,1307,854,1367,629,1398,834,1999,817
183_pad.png,0
184_pad.png,6,88,988,1041,774,1047,946,1134,680,1142,929,1802,877
185_pad.png,0
186_pad.png,6,69,1050,1118,963,1117,1128,1214,900,1218,1122,1939,1148
187_pad.png,0
188_pad.png,6,334,1344,1382,1116,1370,1348,1504,1053,1495,1343,2545,1281
189_pad.png,6,49,1088,1070,866,1077,1069,1233,828,1240,1065,2126,1068
18_pad.png,6,31,1217,1231,1011,1223,1187,1383,937,1378,1162,2337,1208
190_pad.png,6,118,1092,1415,1058,1410,1237,1513,1020,1517,1245,2212,1294
191_pad.png,6,19,1392,1281,1137,1277,1313,1384,1036,1380,1330,2502,1268
192_pad.png,6,101,1198,1140,1001,1149,1151,1262,929,1277,1152,2294,1107
193_pad.png,6,55,1411,1792,1196,1802,1377,1909,1142,1932,1364,2801,1350
194_pad.png,6,67,1393,1278,1150,1288,1313,1402,1093,1420,1302,2409,1247
195_pad.png,6,737,1388,1544,1313,1542,1463,1634,1276,1634,1459,2114,1485
196_pad.png,0
197_pad.png,6,38,943,1083,780,1095,968,1160,672,1188,964,1932,926
198_pad.png,6,28,1196,1297,959,1288,1115,1387,829,1374,1132,2069,1097
19_pad.png,6,61,875,1040,684,1011,901,1182,647,1145,909,1725,940
1_pad.png,6,38,1114,1212,959,1214,1154,1305,892,1324,1152,2347,1149
201_pad.png,6,289,1302,1609,1137,1598,1303,1707,1112,1700,1305,2294,1348
202_pad.png,6,219,1284,1504,1153,1482,1342,1611,1077,1588,1337,2404,1446
203_pad.png,0
204_pad.png,6,33,1461,1137,1154,1138,1321,1261,1020,1273,1309,2322,1174
205_pad.png,6,33,926,979,805,971,966,1069,704,1065,926,1833,905
206_pad.png,6,62,941,915,796,909,974,1006,725,1002,979,1657,1021
207_pad.png,6,31,929,995,712,979,890,1085,625,1066,894,1795,907
208_pad.png,6,103,1111,1287,943,1270,1138,1426,920,1405,1152,2219,1235
209_pad.png,6,44,950,1077,836,1076,1002,1157,733,1159,996,1928,1028
20_pad.png,0
210_pad.png,0
211_pad.png,6,88,1370,1520,1288,1521,1443,1642,1220,1654,1457,2709,1459
213_pad.png,6,115,1270,1275,1123,1241,1310,1423,1091,1387,1316,2117,1426
215_pad.png,0
216_pad.png,6,62,842,940,759,939,911,1042,687,1043,915,1669,927
218_pad.png,6,130,988,1139,886,1144,1033,1237,846,1251,1039,1792,1052
219_pad.png,6,46,1112,1094,905,1087,1080,1185,795,1183,1079,2202,1096
21_pad.png,6,100,1000,1158,904,1160,1068,1276,874,1277,1088,1923,1139
220_pad.png,6,142,842,996,686,974,851,1114,657,1086,876,1685,911
222_pad.png,0
223_pad.png,6,94,1177,1164,991,1168,1148,1251,937,1259,1151,2346,1150
224_pad.png,6,140,1125,1409,1018,1418,1187,1498,976,1512,1182,2410,1186
225_pad.png,6,129,1524,1695,1293,1690,1455,1787,1205,1786,1461,2700,1475
226_pad.png,6,28,883,1107,752,1093,931,1229,641,1218,896,1940,903
227_pad.png,0
228_pad.png,6,35,1008,1127,904,1125,1078,1200,849,1198,1077,2040,1094
229_pad.png,6,335,1005,1550,820,1523,987,1669,776,1656,989,2112,1010
22_pad.png,6,206,1148,1233,926,1243,1098,1343,862,1375,1103,2259,1023
230_pad.png,6,46,1124,1250,1037,1252,1198,1323,933,1337,1193,2337,1116
23_pad.png,6,69,1120,1230,848,1227,1014,1310,746,1323,1010,2038,938
24_pad.png,6,46,880,949,741,959,916,1027,674,1043,914,1969,874
25_pad.png,6,37,972,998,762,999,920,1094,655,1093,915,1879,870
26_pad.png,0
27_pad.png,0
28_pad.png,0
29_pad.png,0
2_pad.png,6,21,934,1024,705,1031,850,1109,585,1136,833,1876,761
30_pad.png,6,76,1239,1291,1131,1256,1325,1380,1057,1331,1339,2307,1436
32_pad.png,6,45,1220,1218,1088,1218,1265,1324,950,1330,1268,2360,1281
33_pad.png,6,30,959,907,843,912,996,1008,769,1014,998,1844,1023
34_pad.png,6,125,973,1117,820,1107,983,1235,717,1231,982,1860,985
36_pad.png,6,52,845,891,638,877,830,983,554,982,833,1881,804
37_pad.png,6,93,1539,1660,1343,1651,1502,1744,1231,1738,1505,2909,1560
38_pad.png,0
39_pad.png,6,21,990,970,829,975,1003,1041,726,1053,1003,1917,991
3_pad.png,6,23,1087,1221,1008,1221,1172,1310,925,1316,1170,2147,1164
40_pad.png,6,30,1355,1175,1014,1189,1203,1270,880,1295,1171,2328,1079
41_pad.png,6,30,905,934,717,943,891,1041,602,1053,884,1839,879
42_pad.png,6,33,1134,1262,930,1271,1095,1346,805,1380,1094,2172,1071
43_pad.png,0
45_pad.png,6,125,1390,1753,1131,1743,1316,1853,1025,1842,1330,2789,1373
46_pad.png,6,75,1086,1157,997,1172,1165,1230,887,1252,1146,2117,1163
47_pad.png,6,43,1445,1600,1163,1584,1330,1691,1077,1672,1329,2704,1347
48_pad.png,6,30,1218,1209,1059,1209,1214,1307,961,1318,1216,2160,1225
4_pad.png,6,65,1138,1538,1166,1525,1339,1638,1085,1624,1345,1940,1372
50_pad.png,6,25,964,886,886,881,1053,1013,813,1005,1059,1910,1116
51_pad.png,6,22,1108,947,813,958,996,1056,729,1062,988,1899,894
52_pad.png,6,56,1038,1100,764,1096,908,1173,662,1176,904,1984,870
53_pad.png,0
54_pad.png,6,24,931,935,806,939,972,1012,737,1031,980,1764,976
55_pad.png,6,13,844,971,645,965,785,1045,572,1045,781,1725,794
56_pad.png,6,62,807,1087,601,1078,755,1145,547,1138,770,1746,750
57_pad.png,6,33,1138,1115,863,1106,1048,1193,739,1199,1039,2031,996
58_pad.png,6,28,929,814,784,822,950,915,690,930,952,1607,969
59_pad.png,6,27,1282,1223,1062,1220,1236,1309,966,1313,1222,2450,1177
5_pad.png,6,33,1041,1142,864,1163,1088,1249,772,1270,1032,2111,1072
60_pad.png,6,200,1171,1106,919,1133,1113,1203,814,1235,1105,1892,1046
61_pad.png,6,21,804,845,523,853,687,932,435,942,682,1649,628
62_pad.png,6,57,1153,1215,878,1209,1058,1325,777,1321,1048,2182,972
63_pad.png,6,47,891,908,704,921,880,988,618,1009,882,1760,879
64_pad.png,6,202,1291,1351,1101,1369,1280,1461,964,1497,1275,2421,1248
65_pad.png,6,35,776,1013,623,994,805,1115,554,1096,806,1722,859
66_pad.png,6,32,1020,1060,991,1056,1155,1144,864,1150,1151,2141,1176
68_pad.png,6,53,1299,1341,1090,1348,1251,1436,995,1450,1241,2331,1205
69_pad.png,6,29,1118,1176,858,1174,1018,1272,763,1275,1013,2072,1017
6_pad.png,6,172,1487,1670,1114,1661,1309,1773,1001,1768,1323,2716,1370
70_pad.png,6,38,1133,1450,901,1440,1087,1589,802,1593,1103,2362,1143
71_pad.png,6,25,883,1403,860,1385,1030,1500,772,1492,1028,2143,1104
72_pad.png,6,92,1105,1001,908,989,1103,1097,799,1084,1115,2019,1137
73_pad.png,6,35,1067,1240,880,1244,1073,1345,777,1355,1062,2152,1067
74_pad.png,6,65,1212,1510,1191,1500,1375,1646,1146,1641,1384,2711,1412
75_pad.png,6,45,1248,987,986,1015,1141,1051,860,1096,1151,2034,1059
76_pad.png,6,282,1177,1134,1010,1114,1193,1231,933,1219,1207,2058,1210
77_pad.png,6,54,872,1334,903,1283,1064,1462,841,1413,1083,2384,1236
78_pad.png,6,29,942,1016,856,1025,1011,1103,769,1122,1008,1920,1014
79_pad.png,6,30,868,975,783,971,962,1060,664,1049,968,1984,1024
7_pad.png,0
80_pad.png,6,229,1245,1391,964,1431,1141,1479,870,1528,1129,2115,1060
81_pad.png,6,34,1477,1329,1376,1337,1538,1408,1264,1427,1540,2848,1481
82_pad.png,6,30,945,1057,672,1053,856,1182,583,1177,848,1779,862
83_pad.png,6,250,1481,1503,1317,1514,1476,1634,1222,1650,1468,2782,1523
84_pad.png,6,35,909,904,813,905,966,978,704,995,953,1889,962
85_pad.png,6,48,1383,1640,1319,1636,1487,1756,1249,1769,1484,2744,1471
86_pad.png,6,63,1093,1191,860,1192,1026,1297,762,1300,1021,2133,986
87_pad.png,6,77,1115,1271,905,1262,1092,1404,855,1400,1087,2114,1056
88_pad.png,6,85,1306,1441,1094,1441,1258,1562,974,1566,1253,2795,1196
89_pad.png,6,24,767,1126,697,1133,872,1249,625,1257,887,1742,927
8_pad.png,6,59,989,1028,773,1009,981,1123,713,1113,996,1791,1019
90_pad.png,6,149,1350,1523,1207,1502,1385,1630,1167,1620,1388,2502,1464
91_pad.png,6,37,1129,1036,883,1034,1075,1147,813,1148,1067,2083,918
92_pad.png,6,371,1181,1247,1004,1229,1180,1341,923,1321,1181,2356,1176
93_pad.png,6,58,1040,1156,864,1148,1045,1268,816,1255,1043,2241,1067
94_pad.png,6,25,597,889,505,872,732,985,431,985,706,1529,755
95_pad.png,0
96_pad.png,6,152,1136,1120,996,1138,1173,1217,876,1240,1168,2077,1159
97_pad.png,0
98_pad.png,6,16,716,1182,663,1133,859,1320,601,1247,885,2109,1078
99_pad.png,6,51,1284,1457,1245,1430,1411,1568,1236,1549,1427,2541,1554
9_pad.png,6,43,1109,1139,946,1148,1114,1253,876,1269,1099,2068,1058