0_pad.png,8,33,1198,1472,1000,1451,1323,1462,1163,1604,919,1575,1419,1594,1151,2472,1185
100_pad.png,0
101_pad.png,8,11,985,914,832,933,1196,924,1026,1009,736,1033,1305,1025,1008,1989,997
103_pad.png,8,12,1214,1129,1003,1151,1343,1142,1175,1221,910,1260,1457,1243,1174,2289,1119
104_pad.png,8,34,1312,1394,1121,1366,1502,1379,1319,1511,992,1458,1650,1486,1318,2618,1334
106_pad.png,8,17,912,904,801,911,1129,911,978,1019,708,1024,1272,1022,980,1870,1000
107_pad.png,8,190,869,1193,632,1168,1076,1180,854,1302,509,1262,1179,1287,860,1716,871
108_pad.png,8,10,1340,1383,1188,1422,1523,1398,1337,1521,1132,1544,1595,1530,1341,2834,1375
109_pad.png,8,13,1251,1452,1067,1421,1415,1439,1227,1585,979,1541,1526,1569,1260,2457,1326
10_pad.png,8,12,916,1036,819,1040,1154,1033,982,1117,719,1121,1261,1120,987,1973,1022
110_pad.png,8,7,1013,971,774,953,1115,962,944,1053,692,1033,1190,1045,947,2036,945
111_pad.png,8,27,1019,1108,814,1167,1125,1135,978,1177,710,1262,1213,1222,974,2144,946
113_pad.png,8,15,1309,1289,1212,1289,1570,1284,1387,1371,1086,1378,1697,1376,1368,2747,1437
114_pad.png,8,19,1187,1472,933,1511,1247,1492,1084,1575,810,1642,1359,1609,1074,2234,1073
115_pad.png,8,18,1159,1372,1016,1397,1343,1381,1179,1450,916,1492,1454,1470,1177,2241,1154
116_pad.png,8,14,1093,1134,948,1148,1295,1136,1133,1214,818,1241,1444,1229,1116,2071,1093
117_pad.png,0
118_pad.png,8,18,877,1274,776,1292,1079,1282,943,1351,655,1375,1224,1368,924,2058,931
119_pad.png,0
11_pad.png,8,11,889,837,685,836,1034,831,852,933,588,926,1103,932,840,1541,839
120_pad.png,8,13,1249,1538,1233,1538,1634,1538,1439,1655,1190,1644,1711,1654,1453,2828,1566
121_pad.png,8,12,844,910,713,889,1015,895,861,990,618,965,1093,981,856,1752,864
122_pad.png,8,11,798,937,685,931,1024,932,857,1030,578,1019,1135,1025,858,1613,897
123_pad.png,0
124_pad.png,8,36,1218,1158,982,1164,1355,1157,1167,1245,861,1261,1463,1253,1166,2423,1144
126_pad.png,8,26,1162,1231,1062,1242,1372,1240,1215,1315,973,1338,1461,1326,1214,2268,1128
127_pad.png,8,24,827,1055,804,1029,1123,1037,965,1156,718,1110,1248,1138,978,2045,1096
128_pad.png,0
130_pad.png,8,23,1144,1375,904,1369,1229,1372,1089,1456,776,1448,1377,1455,1085,2313,1090
131_pad.png,8,16,685,798,611,788,919,793,779,878,530,859,1035,872,786,1440,830
132_pad.png,8,13,1529,1082,1281,1116,1545,1096,1415,1171,1169,1222,1676,1199,1414,2492,1336
133_pad.png,8,14,1160,1086,1001,1121,1320,1102,1166,1149,871,1208,1439,1180,1160,2064,1109
135_pad.png,8,26,1381,1162,1174,1161,1541,1158,1347,1273,1024,1271,1665,1277,1350,2549,1306
136_pad.png,8,53,1398,1702,1235,1656,1611,1680,1440,1814,1137,1791,1709,1798,1442,2809,1441
137_pad.png,8,21,1049,1015,864,1042,1200,1029,1040,1094,738,1135,1335,1114,1035,2212,1034
138_pad.png,8,28,762,764,558,766,899,762,740,847,460,849,1018,850,734,1590,681
139_pad.png,8,19,1032,1133,893,1145,1200,1134,1048,1226,788,1237,1319,1235,1040,2094,1047
13_pad.png,8,28,1335,1354,1242,1361,1546,1354,1383,1449,1143,1451,1651,1448,1388,2815,1438
140_pad.png,8,25,1217,1465,1114,1475,1442,1469,1274,1603,1056,1600,1513,1605,1270,2303,1262
141_pad.png,8,19,1313,1235,1146,1261,1500,1249,1323,1374,1063,1411,1604,1393,1321,2740,1333
142_pad.png,8,18,1028,1042,895,1058,1248,1049,1060,1117,793,1140,1347,1132,1059,2147,1055
143_pad.png,8,51,1234,1424,1014,1406,1377,1411,1208,1514,915,1490,1487,1510,1208,2367,1227
144_pad.png,8,10,942,970,895,969,1221,967,1063,1060,810,1058,1311,1065,1065,1845,1082
145_pad.png,8,19,977,1192,878,1123,1232,1157,1066,1299,818,1200,1337,1257,1082,2008,1183
146_pad.png,8,31,1262,1505,1238,1511,1571,1508,1406,1608,1131,1619,1679,1614,1406,2826,1429
147_pad.png,8,34,1134,1165,1083,1173,1383,1170,1251,1250,987,1269,1492,1269,1249,2199,1194
148_pad.png,8,58,826,857,662,835,991,840,826,959,558,937,1086,958,819,1556,794
149_pad.png,8,16,808,834,578,844,936,836,759,916,509,924,1018,921,757,1627,696
14_pad.png,0
150_pad.png,0
151_pad.png,0
152_pad.png,0
153_pad.png,8,15,754,799,617,824,930,812,765,891,544,910,1009,908,759,1470,752
154_pad.png,8,33,1056,1042,907,1001,1222,1021,1074,1146,842,1081,1320,1115,1077,2225,1070
155_pad.png,8,42,1278,1463,1036,1449,1373,1458,1215,1580,957,1563,1459,1570,1218,2365,1222
156_pad.png,8,27,1212,1095,997,1133,1366,1116,1179,1159,840,1235,1517,1203,1172,2174,1173
157_pad.png,8,16,1365,1376,1252,1404,1626,1388,1448,1471,1133,1521,1743,1506,1434,2734,1347
158_pad.png,0
15_pad.png,8,59,1131,1627,1135,1626,1454,1625,1309,1753,1029,1748,1596,1758,1311,2710,1333
160_pad.png,8,196,920,959,768,934,1120,944,951,1063,673,1021,1232,1045,953,1763,970
161_pad.png,8,18,901,763,629,771,984,767,819,858,552,862,1088,859,810,1701,770
162_pad.png,8,97,1179,1120,1045,1089,1370,1104,1217,1222,952,1163,1482,1196,1221,2398,1344
163_pad.png,8,22,1242,1265,925,1265,1268,1264,1112,1374,813,1370,1397,1374,1105,2341,1087
164_pad.png,8,24,1138,1170,941,1165,1294,1163,1113,1273,800,1253,1426,1263,1116,2272,1148
165_pad.png,8,16,910,937,827,946,1144,939,985,1017,731,1029,1256,1025,992,1829,1067
166_pad.png,8,26,1235,1212,904,1229,1253,1217,1073,1320,779,1341,1372,1332,1061,2015,1019
167_pad.png,8,28,979,1137,795,1142,1168,1137,1004,1250,701,1248,1310,1255,1003,2081,996
168_pad.png,8,65,846,974,749,927,1088,945,937,1069,657,1033,1177,1050,934,1868,984
169_pad.png,8,13,788,919,567,913,932,912,755,1000,435,989,1053,1002,748,1771,720
16_pad.png,0
170_pad.png,8,58,1058,1007,904,1033,1244,1020,1076,1096,801,1134,1367,1117,1079,1967,1052
171_pad.png,8,22,792,905,641,914,984,905,817,1028,529,1038,1116,1032,829,1576,890
172_pad.png,8,97,1259,1125,1210,1111,1549,1123,1390,1239,1126,1208,1651,1230,1392,2746,1505
173_pad.png,8,59,933,1017,857,972,1167,989,1016,1123,781,1061,1265,1098,1010,2014,1089
174_pad.png,8,66,1576,1686,1311,1668,1717,1676,1534,1791,1222,1773,1829,1786,1526,2820,1514
175_pad.png,8,17,1410,1433,1226,1410,1555,1422,1399,1563,1132,1521,1649,1548,1387,2648,1455
177_pad.png,8,56,1379,1361,1189,1319,1514,1338,1353,1471,1100,1429,1602,1451,1350,2799,1450
178_pad.png,8,18,1054,1081,851,1080,1196,1077,1035,1156,728,1165,1333,1166,1021,2236,945
179_pad.png,8,21,913,984,842,963,1167,976,1003,1069,753,1028,1280,1057,1012,1887,1068
17_pad.png,8,29,1061,1425,905,1447,1242,1432,1049,1523,768,1558,1357,1548,1052,2265,1065
180_pad.png,8,35,1507,1871,1227,1864,1578,1867,1409,1982,1125,1967,1682,1979,1400,2820,1359
181_pad.png,8,67,1220,998,988,1043,1344,1020,1165,1113,891,1184,1441,1146,1149,2165,1077
182_pad.png,8,70,976,1287,722,1351,1042,1308,851,1366,629,1440,1118,1407,849,2001,819
183_pad.png,0
184_pad.png,8,11,990,1044,776,1059,1108,1048,944,1129,680,1158,1192,1145,935,1883,868
185_pad.png,0
186_pad.png,8,13,1045,1121,962,1134,1290,1121,1129,1197,848,1223,1389,1205,1124,1942,1150
187_pad.png,0
188_pad.png,8,323,1341,1381,1158,1368,1514,1371,1351,1492,1064,1465,1630,1485,1347,2798,1258
189_pad.png,8,34,1088,1070,904,1100,1240,1077,1064,1220,822,1232,1355,1229,1067,2131,1069
18_pad.png,8,29,1218,1227,1021,1227,1337,1221,1187,1382,931,1371,1395,1382,1160,2355,1215
190_pad.png,8,25,1077,1413,1055,1408,1398,1411,1234,1506,951,1494,1541,1506,1243,2285,1301
191_pad.png,8,17,1395,1277,1129,1266,1494,1273,1318,1376,1001,1358,1638,1374,1326,2561,1262
192_pad.png,8,52,1201,1135,999,1163,1313,1146,1146,1252,902,1284,1408,1271,1149,2320,1104
193_pad.png,8,33,1411,1788,1199,1823,1555,1804,1374,1893,1099,1938,1650,1916,1366,2821,1350
194_pad.png,8,32,1391,1277,1148,1304,1483,1286,1308,1372,1052,1421,1589,1397,1311,2463,1244
195_pad.png,8,34,1329,1541,1306,1546,1616,1542,1461,1621,1211,1628,1738,1624,1462,2786,1513
196_pad.png,0
197_pad.png,8,21,940,1077,777,1109,1135,1091,971,1160,670,1209,1270,1186,966,1954,923
198_pad.png,8,18,1196,1300,959,1289,1302,1290,1124,1380,827,1363,1439,1373,1127,2071,1097
19_pad.png,8,46,874,1037,688,982,1066,1005,898,1174,581,1082,1210,1128,908,1727,941
1_pad.png,8,30,1116,1214,965,1229,1312,1218,1154,1293,869,1313,1435,1308,1151,2368,1149
201_pad.png,8,79,1296,1607,1133,1593,1464,1595,1305,1707,1057,1677,1559,1697,1307,2332,1351
202_pad.png,8,22,1271,1503,1150,1462,1521,1479,1340,1610,1026,1542,1666,1586,1341,2454,1453
203_pad.png,0
204_pad.png,8,15,1461,1134,1154,1147,1507,1137,1319,1260,1000,1274,1646,1269,1311,2337,1171
205_pad.png,8,23,923,979,805,965,1137,965,958,1062,683,1065,1250,1067,927,1840,902
206_pad.png,8,48,940,916,793,907,1138,908,970,1006,719,983,1240,1000,977,1669,1022
207_pad.png,8,19,930,995,710,975,1063,979,894,1080,618,1046,1172,1067,893,1817,906
208_pad.png,8,48,1108,1288,948,1255,1302,1268,1137,1400,847,1350,1443,1377,1152,2253,1233
209_pad.png,8,17,946,1071,835,1067,1148,1071,1000,1150,716,1149,1294,1159,998,1950,1030
20_pad.png,0
210_pad.png,0
211_pad.png,8,61,1370,1517,1287,1530,1613,1519,1445,1627,1174,1642,1746,1637,1449,2741,1455
213_pad.png,8,26,1264,1278,1124,1218,1457,1243,1312,1411,1046,1336,1585,1377,1322,2109,1422
215_pad.png,0
216_pad.png,8,21,836,938,756,940,1067,938,907,1037,683,1025,1169,1036,916,1687,927
218_pad.png,8,49,986,1137,883,1158,1196,1144,1036,1223,788,1257,1317,1251,1039,1794,1053
219_pad.png,8,50,1114,1096,902,1087,1242,1090,1077,1176,751,1160,1380,1170,1075,2243,1100
21_pad.png,8,36,999,1160,902,1162,1225,1158,1071,1261,823,1263,1336,1267,1078,1989,1153
220_pad.png,8,106,837,994,691,952,1026,971,854,1118,602,1042,1152,1081,876,1698,914
222_pad.png,8,20,1059,982,803,1008,1113,997,957,1087,702,1122,1232,1107,966,2084,990
223_pad.png,8,43,1180,1162,986,1182,1302,1166,1148,1243,902,1267,1417,1256,1151,2615,1143
224_pad.png,8,51,1115,1407,1015,1430,1326,1416,1186,1480,930,1520,1429,1499,1179,2527,1173
225_pad.png,8,57,1530,1691,1291,1682,1628,1685,1456,1782,1208,1774,1728,1782,1457,2768,1480
226_pad.png,8,24,881,1106,744,1077,1078,1087,926,1225,633,1189,1189,1219,898,1960,899
227_pad.png,0
228_pad.png,8,24,1015,1123,902,1127,1250,1122,1076,1198,818,1190,1351,1195,1077,2070,1093
229_pad.png,8,237,1010,1548,818,1511,1139,1525,984,1656,753,1621,1222,1642,992,2123,1009
22_pad.png,8,38,1153,1229,925,1273,1296,1247,1100,1313,800,1371,1440,1354,1106,2312,1014
230_pad.png,8,24,1121,1246,1035,1265,1366,1254,1200,1317,912,1350,1468,1337,1191,2349,1114
23_pad.png,8,53,1122,1226,824,1225,1177,1223,1014,1303,744,1323,1269,1315,1017,2043,938
24_pad.png,8,25,877,951,737,972,1066,959,915,1020,660,1053,1146,1039,914,1975,873
25_pad.png,8,17,971,999,755,1001,1090,994,921,1089,640,1091,1194,1090,920,1901,869
26_pad.png,8,20,1513,1593,1226,1578,1587,1587,1381,1673,1097,1642,1725,1664,1392,2733,1427
27_pad.png,0
28_pad.png,0
29_pad.png,0
2_pad.png,8,14,933,1026,701,1049,1021,1033,850,1099,577,1132,1138,1123,833,1883,757
30_pad.png,8,41,1236,1285,1123,1234,1443,1250,1326,1374,1062,1286,1585,1327,1338,2364,1436
32_pad.png,8,43,1220,1222,1089,1236,1446,1218,1267,1320,945,1342,1597,1329,1269,2373,1279
33_pad.png,8,20,957,906,828,918,1158,913,993,992,718,1002,1281,998,992,1844,1023
34_pad.png,8,120,970,1116,818,1102,1151,1107,984,1227,700,1207,1276,1221,987,1866,983
36_pad.png,8,43,845,890,640,865,979,876,828,977,528,963,1135,976,831,1885,801
37_pad.png,8,64,1554,1658,1336,1645,1664,1648,1497,1741,1211,1716,1814,1728,1501,2775,1550
38_pad.png,0
39_pad.png,8,17,991,963,833,986,1164,975,1001,1036,713,1069,1299,1053,1004,1943,990
3_pad.png,8,15,1084,1218,1009,1217,1331,1209,1172,1308,901,1310,1441,1309,1172,2163,1164
40_pad.png,8,22,1353,1171,1008,1204,1345,1186,1206,1263,879,1314,1486,1291,1170,2365,1073
41_pad.png,8,27,904,932,707,955,1052,944,888,1037,591,1071,1184,1059,885,1854,875
42_pad.png,8,28,1134,1268,939,1292,1266,1273,1095,1343,802,1390,1403,1373,1097,2204,1070
43_pad.png,0
45_pad.png,8,52,1388,1754,1143,1735,1495,1740,1318,1849,1022,1830,1633,1840,1326,2804,1376
46_pad.png,8,24,1080,1157,997,1184,1325,1169,1165,1223,880,1264,1449,1254,1146,2128,1161
47_pad.png,8,30,1444,1595,1182,1569,1468,1577,1329,1688,1075,1652,1588,1670,1326,2802,1355
48_pad.png,8,19,1215,1210,1056,1222,1379,1208,1213,1294,912,1308,1532,1308,1214,2222,1229
4_pad.png,8,40,1131,1537,1165,1516,1504,1523,1334,1633,1044,1594,1650,1619,1343,2552,1429
50_pad.png,8,24,963,884,882,880,1188,881,1053,1006,808,986,1314,1001,1058,1922,1120
51_pad.png,8,17,1108,948,817,966,1148,958,992,1055,721,1070,1257,1065,989,1916,888
52_pad.png,8,26,1041,1099,755,1105,1070,1098,915,1168,635,1182,1193,1179,906,2003,869
53_pad.png,0
54_pad.png,8,22,930,939,809,948,1127,944,972,1013,728,1024,1228,1025,975,1796,980
55_pad.png,8,17,846,972,644,973,909,968,788,1037,547,1030,1008,1040,784,1746,794
56_pad.png,8,18,815,1087,616,1069,901,1075,755,1141,546,1129,971,1135,767,1785,755
57_pad.png,8,20,1136,1113,865,1121,1200,1109,1048,1191,720,1195,1360,1195,1041,2052,991
58_pad.png,8,22,928,814,775,833,1117,819,952,912,685,933,1233,928,951,1625,970
59_pad.png,8,28,1285,1219,1061,1214,1398,1220,1236,1304,952,1300,1503,1306,1222,2467,1176
5_pad.png,8,23,1038,1148,864,1176,1214,1159,1050,1233,728,1292,1347,1267,1035,2148,1077
60_pad.png,8,183,1172,1103,912,1152,1322,1126,1115,1190,794,1267,1463,1226,1108,1897,1045
61_pad.png,8,26,805,845,523,865,861,854,688,920,424,948,948,939,681,1675,628
62_pad.png,8,37,1152,1211,866,1207,1226,1208,1052,1313,743,1310,1362,1311,1040,2197,971
63_pad.png,8,24,889,906,704,934,1049,917,878,980,604,1014,1169,1004,878,1784,882
64_pad.png,8,174,1292,1346,1094,1392,1455,1367,1276,1452,968,1521,1595,1485,1277,2492,1249
65_pad.png,8,25,771,1010,619,976,965,993,804,1111,513,1045,1093,1081,805,1735,864
66_pad.png,8,24,1020,1056,983,1068,1314,1059,1156,1143,856,1161,1450,1149,1151,2149,1178
68_pad.png,8,49,1297,1338,1098,1350,1433,1342,1255,1429,949,1450,1546,1445,1247,2355,1200
69_pad.png,8,23,1117,1177,856,1176,1183,1173,1018,1268,737,1267,1274,1273,1016,2101,1015
6_pad.png,8,46,1502,1670,1111,1658,1472,1661,1313,1770,999,1745,1631,1766,1324,2738,1375
70_pad.png,8,23,1130,1446,890,1443,1272,1439,1090,1588,797,1569,1402,1586,1102,2381,1145
71_pad.png,8,20,883,1404,857,1389,1170,1390,1030,1496,764,1470,1300,1488,1031,2160,1105
72_pad.png,8,17,1105,1002,900,981,1282,982,1099,1096,775,1062,1416,1082,1114,2034,1137
73_pad.png,8,22,1066,1237,874,1247,1239,1239,1070,1335,742,1352,1393,1349,1068,2171,1069
74_pad.png,8,23,1211,1514,1202,1504,1519,1501,1370,1628,1092,1618,1641,1626,1383,2781,1411
75_pad.png,8,17,1251,985,987,1042,1305,1015,1141,1049,856,1137,1423,1093,1138,2067,1053
76_pad.png,8,273,1180,1136,1019,1104,1349,1113,1194,1220,911,1175,1478,1201,1204,2063,1210
77_pad.png,8,50,873,1328,905,1232,1220,1274,1066,1464,820,1326,1347,1402,1083,2385,1237
78_pad.png,8,26,941,1013,851,1039,1177,1024,1013,1095,757,1135,1271,1117,1013,1938,1013
79_pad.png,8,26,866,970,777,962,1122,964,960,1058,650,1041,1280,1049,968,2073,1033
7_pad.png,0
80_pad.png,8,229,1245,1394,974,1458,1295,1427,1141,1466,844,1579,1423,1526,1129,2112,1061
81_pad.png,8,33,1478,1329,1362,1347,1713,1334,1532,1403,1245,1428,1849,1418,1538,2914,1474
82_pad.png,8,28,943,1058,664,1051,1021,1053,851,1176,558,1163,1129,1171,848,1805,860
83_pad.png,8,35,1481,1499,1314,1531,1631,1511,1478,1613,1183,1646,1767,1636,1465,2825,1523
84_pad.png,8,30,905,902,811,915,1140,903,968,974,686,1001,1270,989,956,1921,960
85_pad.png,8,24,1379,1639,1314,1646,1649,1638,1487,1751,1242,1759,1740,1765,1485,2830,1463
86_pad.png,8,17,1098,1196,861,1193,1193,1190,1027,1290,752,1291,1295,1296,1021,2166,984
87_pad.png,8,20,1114,1272,896,1251,1254,1258,1091,1381,791,1350,1392,1369,1093,2115,1054
88_pad.png,8,52,1314,1443,1089,1442,1434,1440,1255,1549,953,1546,1562,1553,1255,2856,1194
89_pad.png,8,24,765,1129,713,1142,1027,1130,872,1232,595,1241,1170,1239,882,1736,929
8_pad.png,8,18,992,1029,776,992,1120,1003,978,1114,709,1068,1247,1103,990,1815,1021
90_pad.png,8,21,1342,1525,1204,1486,1532,1502,1392,1614,1114,1574,1647,1601,1387,2552,1468
91_pad.png,8,23,1130,1033,880,1037,1239,1030,1078,1135,783,1137,1360,1139,1070,2090,919
92_pad.png,8,47,1194,1244,1038,1218,1341,1228,1182,1340,919,1292,1468,1316,1186,2805,1192
93_pad.png,8,55,1044,1154,865,1147,1229,1143,1047,1258,736,1239,1368,1253,1049,2268,1071
94_pad.png,8,23,596,889,534,883,876,883,693,985,422,972,1007,981,726,1541,755
95_pad.png,0
96_pad.png,8,21,1128,1121,996,1145,1327,1136,1169,1214,857,1260,1472,1240,1164,2183,1159
97_pad.png,0
98_pad.png,8,12,716,1177,700,1085,1037,1130,859,1323,603,1165,1186,1244,884,2122,1080
99_pad.png,8,23,1277,1456,1244,1414,1550,1430,1412,1573,1161,1507,1661,1544,1424,2621,1568
9_pad.png,8,23,1107,1139,957,1161,1282,1147,1120,1229,824,1271,1399,1246,1109,2071,1056
